 -16496
 -23467
  21810
  14595
 -17933
    423
 -19522
  27626
   6239
  -3291
  -4003
  -9578
  21206
 -31642
  19910
 -20490
 -29115
  -3635
 -18186
 -17606
 -10337
 -19868
   5447
    781
 -12195
 -20677
 -29323
  28134
  17339
  -6385
   -249
  17928
  30590
  10536
  20974
   2304
  10335
 -17912
 -25594
  -6433
  31286
 -31105
  -4763
   4293
   5672
 -23349
  -6757
  -3037
  16741
   3865
  13413
 -19181
 -16870
 -23926
   6871
 -32424
 -17353
  24587
 -10602
  -3574
  29853
    378
  19198
  19275
 -17037
  -4514
 -18906
 -15325
  23828
  -1419
 -13993
 -11842
  19927
   8294
  29153
 -14766
 -18892
 -15526
 -17036
 -21005
  29909
   1972
  26769
  28311
  19966
    542
  -9823
   7541
  28360
  18055
 -15140
 -29872
   2339
  24691
   3104
  26554
  12498
  18261
   9724
   2300
   9685
  17800
   1348
 -28343
  -8769
 -19532
  -8528
 -23728
 -25342
  24727
  31379
  15106
 -26396
   9206
  25571
 -13495
  -2223
  -6865
 -18793
 -32105
  25408
 -18918
 -28854
   6811
  -6533
  -1095
   3507
  30992
   3941
  31044
   1184
  -5494
  24490
  30758
 -19656
  20427
     -2
  31303
 -23860
 -15788
 -18948
 -15926
 -11725
  12739
  28131
 -15439
 -27455
   -571
  -6005
  18789
